
  -5.03350
   0.00000
   0.00000
  -0.00001
  -0.00017
   0.00434
   0.01797
  -0.02477
  -0.00653
  -0.00018
  -0.00974
  -0.00297
  -0.00408
  -0.01500
   0.02170
   0.03484
  -0.00277
  -0.00077
  -0.00001
   0.00001
   0.00000
  -0.00000
   0.00000
   0.00048
  -0.00382
  -0.01372
  -0.06146
  -0.14972
  -0.10688
  -0.07715
  -0.06355
  -0.03619
   0.05535
   0.14794
  -0.28366
  -0.41193
   0.02102
  -0.01535
  -0.03770
  -0.00554
   0.00072
   0.00000
  -0.00018
  -0.00800
   0.07505
   0.46397
   0.97033
   0.78184
   0.37403
  -0.10581
  -0.07423
  -0.14821
  -0.26705
   0.33218
   0.71713
   0.37171
   0.27249
   0.45056
   0.75188
   0.03624
  -0.00554
   0.00000
   0.00161
  -0.03414
   0.07951
   0.62621
   0.41217
   0.34869
  -0.17865
  -0.79267
  -0.60603
  -0.59113
  -0.23297
   0.96773
   1.58280
   1.51732
   0.15082
   0.77335
   1.48359
   0.24358
  -0.03509
   0.00000
  -0.00335
  -0.03403
   0.30364
   0.67470
  -0.03883
   0.67940
   0.82735
  -1.20828
  -1.19661
  -1.02498
  -1.05751
  -0.23921
  -0.29849
   1.20331
   0.03042
   0.27128
   1.14954
   0.10959
  -0.06763
   0.00010
  -0.01310
  -0.07215
   0.60772
   0.52501
  -0.26671
  -0.09569
  -0.11799
  -1.30318
  -0.31302
  -0.94351
  -1.70128
  -0.44236
  -0.28632
   0.49783
  -0.73380
   0.07770
   2.09764
   0.16033
  -0.12359
   0.00023
  -0.01136
  -0.13451
  -0.34992
  -0.13320
  -0.11776
  -0.58799
  -0.68735
  -0.78299
  -0.40820
   0.81303
  -0.83023
  -0.53043
  -0.26894
   0.32960
   0.21324
   0.18035
   0.47718
   0.19212
  -0.14375
   0.00030
  -0.00970
   0.01967
  -0.18167
   1.03402
  -0.09975
  -0.25747
  -1.28481
  -0.52828
  -0.60228
   0.08456
  -0.26855
  -2.23851
  -1.15268
  -0.78788
  -0.26858
   0.55189
  -0.15106
   0.45329
  -0.11821
   0.00159
  -0.01310
   0.18816
  -0.18261
   0.50121
  -0.38955
  -0.53251
  -1.46980
   0.33697
   0.11385
   0.29737
   0.48838
  -1.60629
  -0.43233
  -0.62379
  -0.16807
   0.33061
   0.15568
   0.18489
  -0.29813
   0.00294
  -0.05698
   0.71342
   0.49522
   0.25657
   0.20960
   0.69609
  -0.90907
   0.44740
   0.42099
   0.16499
   0.31203
  -1.29134
  -0.55576
   0.11542
  -0.16178
  -0.15870
   0.57996
   0.39724
  -0.52806
   0.00246
  -0.04776
   0.08210
  -0.30322
  -0.47743
   0.67588
  -0.61471
   0.18093
   1.27722
   0.28404
   0.04234
  -0.24183
  -1.74577
  -1.04338
   0.17307
   0.06697
   0.14599
   0.01625
  -0.62795
  -0.44842
   0.00385
  -0.08320
   0.33497
   0.78901
   0.45939
  -0.32034
   0.91096
   1.55034
  -0.47795
   0.81203
   0.24304
   0.05982
   0.75777
   0.68467
   0.19841
   0.35329
   0.17814
  -0.23916
  -1.07640
  -0.29755
   0.00435
  -0.06068
   0.97913
  -0.35597
  -0.28593
   0.46884
  -0.06895
   0.32237
   0.64972
   1.08206
  -0.69568
  -0.44059
   0.18333
  -0.11254
  -0.44588
   0.75969
   0.25475
  -0.58464
  -0.93186
  -0.13108
   0.00219
  -0.03968
   0.78652
  -0.04917
  -0.30872
   0.78652
  -0.43641
   0.24934
   0.77393
  -0.64098
  -0.35243
   0.09659
   1.67521
   0.58860
  -0.06768
  -0.00385
   0.10922
   0.35185
   0.18011
   0.07075
  -0.00108
  -0.01065
   0.27647
  -1.02887
  -0.41550
   0.36639
   0.68858
   0.34604
  -0.26288
  -0.48091
   0.16056
  -0.23034
   0.03815
  -0.26317
   0.21595
   0.44269
   0.32046
  -0.36289
   0.27119
   0.20067
  -0.00050
   0.01361
  -0.08871
  -0.97399
  -0.72189
  -0.97731
   0.66661
   0.46511
  -0.77065
  -1.03779
  -0.23846
   0.28948
   0.97117
   0.58698
   0.94371
   0.77376
  -0.37908
  -0.01935
   0.29428
   0.01554
   0.00003
   0.00969
  -0.10650
  -0.40606
  -0.32277
  -0.49743
  -0.47648
   0.14622
  -0.31566
  -0.88437
   0.04632
   0.86663
   0.17899
  -1.11517
  -0.95223
  -0.44573
  -0.34174
   0.05619
   0.11623
  -0.01620
   0.00001
   0.00096
   0.00003
  -0.08384
  -0.74676
  -1.53196
  -1.52927
  -0.57729
  -0.18737
  -0.20650
   0.03968
   0.36376
  -0.34326
  -0.72711
  -0.57438
  -0.50344
  -0.06380
  -0.06702
  -0.01412
   0.00122
  -0.00000
  -0.00004
   0.00197
  -0.00284
  -0.13623
  -0.44631
  -0.35663
  -0.11948
  -0.02422
   0.01249
   0.00725
  -0.03590
  -0.08272
  -0.03461
  -0.07974
  -0.03030
   0.00285
   0.00287
   0.00005
   0.00002
   0.00000
  -0.00001
   0.00002
  -0.00005
   0.00616
   0.03285
   0.02126
   0.00774
   0.00223
  -0.00131
   0.01017
   0.01811
   0.00078
  -0.01426
  -0.00268
  -0.00421
   0.00058
  -0.00004
   0.00000
   0.00000
ans =

   401     1

J =  0.69315
ans =

   401     1

J =  0.32053
